1 云之神域 2 3 1624410 1364668 217542270 6058700 6100200 854597 1 162431 121172 60992 0 0 0 6021 828604 25993 0 0 100 0 39 1
2 天城 4 4 120 27 4377 350 400 0 0 2 5 5 1 1 1 0 0 0 0 0 33 1 8 2
3 飞城 1 4 110 46 1372052 500 900 271 0 1 8 9 0 0 0 0 271 0 0 0 28 0 5 3
4 貂蝉城 3 3 450 401 3585082 3000 4500 0 0 35 40 35 0 0 0 1 0 0 0 0 28 0 9 25
5 啊城 3 2 100 0 112400 100 0 0 0 0 0 0 0 0 0 10 100 100 100 0 0 0 0 5
6 额城 3 4 100 0 112400 100 0 0 0 0 0 0 0 0 0 10 100 100 100 0 0 0 0 6
7 哈城 4 5 100 0 112400 100 0 0 0 0 0 0 0 0 0 10 100 100 100 0 0 0 0 7
8 我城 1 1 100 0 112400 100 0 0 0 0 0 0 0 0 0 10 100 100 100 0 0 0 0 8
9 去城 3 1 100 0 112400 100 0 0 0 0 0 0 0 0 0 10 100 100 100 0 0 0 0 9
10 才城 5 4 100 0 112400 100 0 0 0 0 0 0 0 0 0 10 100 100 100 0 0 0 0 10
11 天下城 0 3 600 460 6888988 6100 4000 587 0 50 120 30 0 0 0 20 426 161 0 0 42 0 10 0
12 天城 0 4 100 0 212300 100 0 0 0 0 0 1 1 1 1 10 100 100 100 0 0 0 0 2
13 飞城 1 2 100 0 112400 100 0 0 0 0 0 0 0 0 0 10 100 100 100 0 0 0 0 3
14 是城 3 5 100 0 112400 100 0 0 0 0 0 0 0 0 0 10 100 100 100 0 0 0 0 4
15 啊城 3 0 100 0 112400 100 0 0 0 0 0 0 0 0 0 10 100 100 100 0 0 0 0 5
16 额城 1 3 100 0 112400 100 0 0 0 0 0 0 0 0 0 10 100 100 100 0 0 0 0 6
17 哈城 1 5 100 0 112400 100 0 0 0 0 0 0 0 0 0 10 100 100 100 0 0 0 0 7
18 我城 1 0 100 0 112400 100 0 0 0 0 0 0 0 0 0 10 100 100 100 0 0 0 0 8
19 去城 2 1 100 0 112400 100 0 0 0 0 0 0 0 0 0 10 100 100 100 0 0 0 0 9
20 才城 0 5 100 0 112400 100 0 0 0 0 0 0 0 0 0 10 100 100 100 0 0 0 0 10
21 飘渺城 2 2 100 0 1702276 4000 0 0 2 400 0 0 2000 2000 2000 400 2000 2000 2000 0 37 1 13 49
22 纷飞城 4 3 100 0 930500 2000 0 0 2 80 0 0 500 500 500 80 500 500 500 0 35 1 10 31
23 河北城 0 2 100 0 186641 3000 0 0 2 200 0 0 1000 1000 1000 200 1000 1000 1000 0 30 1 8 5
24 南蛮城 0 1 100 0 1060129 3000 0 0 2 200 0 0 1000 1000 1000 200 1000 1000 1000 0 32 1 8 19
25 邪魔城 0 0 100 0 4087493 10000 0 0 2 3000 0 0 15000 30000 15000 3000 15000 30000 15000 0 47 1 15 26
26 狂魔城 5 2 100 0 3996134 10000 0 0 2 3000 0 0 15000 15000 30000 3000 15000 15000 30000 0 55 1 15 28
27 毒魔城 5 5 100 0 2117775 5000 0 0 2 500 0 0 3000 3000 3000 500 3000 3000 3000 0 47 1 14 33
28 黑魔城 5 3 100 0 2082230 5000 0 0 2 500 0 0 4000 2000 4000 500 4000 2000 4000 0 55 1 14 34
29 妖魔城 5 0 100 0 2171482 30000 0 0 2 8000 0 0 70000 70000 70000 8000 70000 70000 70000 0 85 1 30 43
30 黄巾1城 5 1 100 0 1971342 5000 0 0 2 500 0 0 2000 4000 4000 500 2000 4000 4000 0 55 1 12 42
31 黄巾2城 4 1 100 0 2127346 5000 0 0 2 500 0 0 4000 4000 2000 500 4000 4000 2000 0 45 1 18 41
32 黄巾3城 4 0 100 0 293292 5000 0 0 2 500 0 0 4000 2000 4000 500 4000 2000 4000 0 45 1 12 40
33 人公城 4 2 100 0 4908150 10000 0 0 2 3000 0 0 30000 15000 15000 3000 30000 15000 15000 0 50 1 14 39
34 地公城 2 0 100 0 4174290 10000 0 0 2 3000 0 0 25000 10000 25000 3000 25000 10000 25000 0 50 1 20 38
35 天公城 2 4 100 0 11864525 30000 0 0 2 8000 0 0 70000 70000 70000 8000 70000 70000 70000 0 100 1 20 37
36 魔王城 2 5 100 0 923431 100000 0 0 2 20000 0 0 200000 200000 200000 20000 200000 200000 200000 0 100 1 26 24
